Calculating packet loss...

12  13  14  
13  13  17  
14  14  12  
14  14  12  
14  14  13  
13  14  18  
5  5  5  
9  5  6  
6  4  6  
7  5  6  
4  6  5  
11  6  5  
18  17  15  
14  17  13  
12  13  13  
12  11  12  
11  12  10  
10  15  12  
5  4  5  
12  9  7  
13  10  14  
22  20  26  
5  6  6  
6  5  4  
6  4  9  
7  6  6  
30  18  21  
23  23  26  
19  28  23  
14  28  16  
20  14  15  
16  14  14  
22  22  15  
22  21  23  
24  28  30  
17  18  28  
26  16  21  
17  11  21  
18  14  13  