Excel-Output

AODV
Packet Loss...
Sending-Intervals/Repeat-Number (Mean and Stddev)
	0m	0s	1m	1s	2m	2s	3m	3s	4m	4s	5m	5s	6m	6s	7m	7s	8m	8s	9m	9s	
30.0	30.0	/	30.0	/	30.0	/	30.0	/	30.0	/	30.0	/	30.0	/	30.0	/	30.0	/	30.0	/	
1.0	38.0	/	38.0	/	38.0	/	38.0	/	38.0	/	38.0	/	38.0	/	38.0	/	38.0	/	38.0	/	
0.5	40.0	/	40.0	/	40.0	/	40.0	/	40.0	/	40.0	/	40.0	/	40.0	/	40.0	/	40.0	/	
0.1	50.0	/	50.0	/	50.0	/	50.0	/	50.0	/	50.0	/	50.0	/	50.0	/	50.0	/	50.0	/	
0.05	63.0	/	63.0	/	63.0	/	63.0	/	63.0	/	63.0	/	63.0	/	63.0	/	63.0	/	63.0	/	

Routing Load...
Sending-Intervals/Repeat-Number (Mean and Stddev)
	0m	0s	1m	1s	2m	2s	3m	3s	4m	4s	5m	5s	6m	6s	7m	7s	8m	8s	9m	9s	
30.0	97,01	3,15	98,48	1,62	98,98	1,09	99,23	0,83	99,39	0,66	99,49	0,55	99,56	0,47	99,62	0,42	99,66	0,37	99,69	0,33	
1.0	92,25	7,74	92,78	7,25	93,24	6,82	93,65	6,44	94,01	6,10	94,33	5,79	94,62	5,51	94,88	5,26	95,11	5,03	95,33	4,82	
0.5	91,43	8,47	91,75	8,18	92,04	7,90	92,32	7,64	92,58	7,40	92,82	7,18	93,05	6,96	93,26	6,76	93,46	6,57	93,65	6,39	
0.1	75,34	20,33	75,96	19,94	76,56	19,57	77,13	19,21	77,67	18,86	78,18	18,53	78,67	18,21	79,14	17,89	79,59	17,59	80,03	17,30	
0.05	67,37	24,51	68,01	24,21	68,62	23,92	69,21	23,63	69,78	23,35	70,33	23,07	70,86	22,80	71,37	22,53	71,86	22,27	72,34	22,02	

End to End Delay...
Sending-Intervals/Repeat-Number (Mean and Stddev)
	0m	0s	1m	1s	2m	2s	3m	3s	4m	4s	5m	5s	6m	6s	7m	7s	8m	8s	9m	9s	
30.0	0,28403	0,17880	0,28403	0,17880	0,28403	0,17880	0,28403	0,17880	0,28403	0,17880	0,28403	0,17880	0,28403	0,17880	0,28403	0,17880	0,28403	0,17880	0,28403	0,17880	
1.0	0,03079	0,03195	0,03079	0,03195	0,03079	0,03195	0,03079	0,03195	0,03079	0,03195	0,03079	0,03195	0,03079	0,03195	0,03079	0,03195	0,03079	0,03195	0,03079	0,03195	
0.5	0,03470	0,03399	0,03470	0,03399	0,03470	0,03399	0,03470	0,03399	0,03470	0,03399	0,03470	0,03399	0,03470	0,03399	0,03470	0,03399	0,03470	0,03399	0,03470	0,03399	
0.1	0,04471	0,03784	0,04471	0,03784	0,04471	0,03784	0,04471	0,03784	0,04471	0,03784	0,04471	0,03784	0,04471	0,03784	0,04471	0,03784	0,04471	0,03784	0,04471	0,03784	
0.05	0,03898	0,05743	0,03898	0,05743	0,03898	0,05743	0,03898	0,05743	0,03898	0,05743	0,03898	0,05743	0,03898	0,05743	0,03898	0,05743	0,03898	0,05743	0,03898	0,05743	

Throughput...
Sending-Intervals/Repeat-Number (Mean and Stddev)
	0m	0s	1m	1s	2m	2s	3m	3s	4m	4s	5m	5s	6m	6s	7m	7s	8m	8s	9m	9s	
30.0	0,01	0,01	0,01	0,01	0,01	0,01	0,01	0,01	0,01	0,01	0,01	0,01	0,01	0,01	0,01	0,01	0,01	0,01	0,01	0,01	
1.0	0,31	0,17	0,31	0,17	0,31	0,17	0,31	0,17	0,31	0,17	0,31	0,17	0,31	0,17	0,31	0,17	0,31	0,17	0,31	0,17	
0.5	0,61	0,34	0,61	0,34	0,61	0,34	0,61	0,34	0,61	0,34	0,61	0,34	0,61	0,34	0,61	0,34	0,61	0,34	0,61	0,34	
0.1	2,50	1,49	2,50	1,49	2,50	1,49	2,50	1,49	2,50	1,49	2,50	1,49	2,50	1,49	2,50	1,49	2,50	1,49	2,50	1,49	
0.05	3,75	2,53	3,75	2,53	3,75	2,53	3,75	2,53	3,75	2,53	3,75	2,53	3,75	2,53	3,75	2,53	3,75	2,53	3,75	2,53	

D2DRS
Packet Loss...
Sending-Intervals/Repeat-Number (Mean and Stddev)
	0m	0s	1m	1s	2m	2s	3m	3s	4m	4s	5m	5s	6m	6s	7m	7s	8m	8s	9m	9s	
30.0	100.0	/	100.0	/	100.0	/	100.0	/	100.0	/	100.0	/	100.0	/	100.0	/	100.0	/	100.0	/	
1.0	100.0	/	100.0	/	100.0	/	100.0	/	100.0	/	100.0	/	100.0	/	100.0	/	100.0	/	100.0	/	
0.5	100.0	/	100.0	/	100.0	/	100.0	/	100.0	/	100.0	/	100.0	/	100.0	/	100.0	/	100.0	/	
0.1	100.0	/	100.0	/	100.0	/	100.0	/	100.0	/	100.0	/	100.0	/	100.0	/	100.0	/	100.0	/	
0.05	100.0	/	100.0	/	100.0	/	100.0	/	100.0	/	100.0	/	100.0	/	100.0	/	100.0	/	100.0	/	

Routing Load...
Sending-Intervals/Repeat-Number (Mean and Stddev)
	0m	0s	1m	1s	2m	2s	3m	3s	4m	4s	5m	5s	6m	6s	7m	7s	8m	8s	9m	9s	
30.0	99,94	0,07	99,94	0,07	99,94	0,07	99,94	0,07	99,94	0,07	99,94	0,07	99,94	0,07	99,94	0,07	99,94	0,07	99,94	0,07	
1.0	98,13	1,97	98,13	1,97	98,13	1,97	98,13	1,96	98,13	1,96	98,13	1,96	98,13	1,96	98,13	1,96	98,13	1,96	98,13	1,96	
0.5	96,34	3,77	96,34	3,77	96,34	3,77	96,34	3,76	96,34	3,76	96,34	3,76	96,34	3,76	96,34	3,76	96,34	3,75	96,34	3,75	
0.1	84,06	14,34	84,06	14,33	84,06	14,33	84,07	14,32	84,07	14,32	84,07	14,31	84,08	14,30	84,08	14,30	84,08	14,29	84,09	14,29	
0.05	72,55	21,71	72,55	21,70	72,56	21,70	72,56	21,69	72,57	21,68	72,58	21,68	72,58	21,67	72,59	21,66	72,59	21,65	72,60	21,65	

End to End Delay...
Sending-Intervals/Repeat-Number (Mean and Stddev)
	0m	0s	1m	1s	2m	2s	3m	3s	4m	4s	5m	5s	6m	6s	7m	7s	8m	8s	9m	9s	
30.0	NaN	-0,00000	NaN	-0,00000	NaN	-0,00000	NaN	-0,00000	NaN	-0,00000	NaN	-0,00000	NaN	-0,00000	NaN	-0,00000	NaN	-0,00000	NaN	-0,00000	
1.0	NaN	-0,00000	NaN	-0,00000	NaN	-0,00000	NaN	-0,00000	NaN	-0,00000	NaN	-0,00000	NaN	-0,00000	NaN	-0,00000	NaN	-0,00000	NaN	-0,00000	
0.5	NaN	-0,00000	NaN	-0,00000	NaN	-0,00000	NaN	-0,00000	NaN	-0,00000	NaN	-0,00000	NaN	-0,00000	NaN	-0,00000	NaN	-0,00000	NaN	-0,00000	
0.1	NaN	-0,00000	NaN	-0,00000	NaN	-0,00000	NaN	-0,00000	NaN	-0,00000	NaN	-0,00000	NaN	-0,00000	NaN	-0,00000	NaN	-0,00000	NaN	-0,00000	
0.05	NaN	-0,00000	NaN	-0,00000	NaN	-0,00000	NaN	-0,00000	NaN	-0,00000	NaN	-0,00000	NaN	-0,00000	NaN	-0,00000	NaN	-0,00000	NaN	-0,00000	

Throughput...
Sending-Intervals/Repeat-Number (Mean and Stddev)
	0m	0s	1m	1s	2m	2s	3m	3s	4m	4s	5m	5s	6m	6s	7m	7s	8m	8s	9m	9s	
30.0	NaN	-0,00	NaN	-0,00	NaN	-0,00	NaN	-0,00	NaN	-0,00	NaN	-0,00	NaN	-0,00	NaN	-0,00	NaN	-0,00	NaN	-0,00	
1.0	NaN	-0,00	NaN	-0,00	NaN	-0,00	NaN	-0,00	NaN	-0,00	NaN	-0,00	NaN	-0,00	NaN	-0,00	NaN	-0,00	NaN	-0,00	
0.5	NaN	-0,00	NaN	-0,00	NaN	-0,00	NaN	-0,00	NaN	-0,00	NaN	-0,00	NaN	-0,00	NaN	-0,00	NaN	-0,00	NaN	-0,00	
0.1	NaN	-0,00	NaN	-0,00	NaN	-0,00	NaN	-0,00	NaN	-0,00	NaN	-0,00	NaN	-0,00	NaN	-0,00	NaN	-0,00	NaN	-0,00	
0.05	NaN	-0,00	NaN	-0,00	NaN	-0,00	NaN	-0,00	NaN	-0,00	NaN	-0,00	NaN	-0,00	NaN	-0,00	NaN	-0,00	NaN	-0,00	

